
              0               0 
           90.9               0 
           93.5               0 
           96.1               0 
           97.7               0 
           99.6               0 
            102               0 
          103.8               0 
          105.6               0 
          107.7               0 
          110.4               0 
            114               0 
          117.8               0 
          121.3               0 
          124.8               0 
          127.1               0 
          128.4               0 
          130.5               0 
          132.4               0 
          133.9               0 
          136.6               0 
          139.8               0 
          143.3               0 
          147.2               0 
            151               0 
          155.2               0 
          158.8               0 
            162               0 
            166               0 
          170.3               0 
          173.4               0 
          176.8               0 
          180.2               0 
          181.7               0 
          186.1               0 
            191               0 
          193.9               0 
          198.4               0 
          201.8               0 
            205               0 
          210.5               0 
          216.2               0 
          219.8               0 
            223               0 
          226.8               0 
            230               0 
            234               0 
            240               0 
          246.5               0 
          252.4               0 
          256.8               0 
            260               0 
            264               0 
          268.5               0 
          273.5               0 
          278.5               0 
            284               0 
            290               0 
            296               0 
            301               0 
            308               0 
            318               0 
            328               0 
            338               0 
            348               0 
            357               0 
            366               0 
            375               0 
            385               0 
            395               0 
            405               0 
            414               0 
            422               0 
            430               0 
            441               0 
            451               0 
            460               0 
            470               0 
            480               0 
            490               0 
            500               0 
            506               0 
            512               0 
            520               0 
            530               0 
            540               0 
            550               0 
            560               0 
            570               0 
            580               0 
            590               0 
            600               0 
            610               0 
            620               0 
            630               0 
            640               0 
            650               0 
            658               0 
            665               0 
            675               0 
            685               0 
            695               0 
            705               0 
            716               0 
            726               0 
            735               0 
            745               0 
            755               0 
            765               0 
            775               0 
            785               0 
            795               0 
            805               0 
            815               0 
            825               0 
            835     1.65794e-25 
            845     3.77346e-25 
            855     8.41353e-25 
            865     1.83903e-24 
            875     3.94023e-24 
            885      8.3059e-24 
            895     1.71861e-23 
            905     3.49411e-23 
            915      4.4452e-18 
            925     1.65631e-17 
            935     2.44027e-17 
            945     5.15511e-17 
            955      9.9422e-17 
            965     1.96799e-16 
            975     2.54268e-16 
            985     5.71449e-16 
            995     9.92145e-16 
           1005     1.57059e-15 
           1015     2.47326e-15 
           1025     4.85943e-15 
           1035     9.18066e-15 
           1045      1.5183e-14 
           1055     2.00966e-14 
           1065     4.11864e-14 
           1075     6.40713e-14 
           1085     9.75279e-14 
           1095     1.30206e-13 
           1105       1.912e-13 
           1115     2.80057e-13 
           1125        5.48e-13 
           1135     9.82165e-13 
           1145     1.47522e-12 
           1155     2.14845e-12 
           1165     2.99475e-12 
           1175     4.42566e-12 
           1185     5.68976e-12 
           1195     4.65392e-12 
           1205     3.64011e-12 
           1215     2.04975e-12 
           1225     7.61179e-12 
           1235     1.76741e-11 
           1245     3.69578e-11 
           1255     5.80776e-11 
           1265      7.8721e-11 
           1275     1.21798e-10 
           1285     1.27701e-10 
           1295     1.90672e-10 
           1305      2.3506e-10 
           1315     3.51345e-10 
           1325     4.31872e-10 
           1335     5.37948e-10 
           1345     7.42412e-10 
           1355      1.03681e-9 
           1365      1.27846e-9 
           1375       1.6104e-9 
           1385       1.9889e-9 
           1395      2.57997e-9 
           1405      3.88768e-9 
           1415      4.74284e-9 
           1425      5.98299e-9 
           1435      8.33327e-9 
           1442      1.15992e-8 
           1447      1.12696e-8 
           1455       1.3852e-8 
           1465      1.93506e-8 
           1475      2.35462e-8 
           1485      3.05539e-8 
           1495      4.62523e-8 
           1505      6.56701e-8 
           1512      5.09081e-8 
           1517      7.12292e-8 
           1525      1.02143e-7 
           1535      1.71751e-7 
           1545      1.44651e-7 
           1555      2.33109e-7 
           1565      2.41368e-7 
           1575      4.75411e-7 
           1585      5.42852e-7 
           1595      5.62039e-7 
           1605      6.65749e-7 
           1615      8.11865e-7 
           1625      9.26736e-7 
           1635      1.24656e-6 
           1645      1.67508e-6 
           1655      1.82793e-6 
           1665      2.49638e-6 
           1672      2.49345e-6 
           1677      3.16434e-6 
           1685      4.11333e-6 
           1695      5.73758e-6 
           1705      6.43651e-6 
           1715      7.81787e-6 
           1725      1.04017e-5 
           1735      1.25045e-5 
           1745      1.64807e-5 
           1755      1.78065e-5 
           1765      2.35854e-5 
           1775      2.42901e-5 
           1785      4.23799e-5 
           1795      3.71326e-5 
           1805       6.7146e-5 
           1815      5.43545e-5 
           1825      8.17282e-5 
           1835      7.85678e-5 
           1845     0.000122304 
           1855      9.98738e-5 
           1865     0.000168705 
           1875     0.000162528 
           1885      0.00021662 
           1895     0.000262839 
           1905     0.000295849 
           1915     0.000425729 
           1925     0.000386295 
           1935     0.000345748 
           1945     0.000573797 
           1955     0.000833069 
           1967     0.000898622 
           1976      0.00109433 
           1984      0.00147342 
           1995      0.00132262 
           2005      0.00163633 
           2015      0.00187826 
           2025      0.00190449 
           2035      0.00233668 
           2045      0.00243189 
           2055      0.00305851 
           2065      0.00295458 
           2074      0.00275856 
           2078      0.00371872 
           2085      0.00473075 
           2095      0.00661312 
           2105        0.007045 
           2115       0.0071052 
           2125      0.00906863 
           2135       0.0120956 
           2145      0.00866124 
           2155       0.0122575 
           2165       0.0120135 
           2175        0.013801 
           2185       0.0130579 
           2195       0.0240448 
           2205       0.0196082 
           2215       0.0265726 
           2225       0.0216467 
           2235       0.0402205 
           2245       0.0440062 
           2255       0.0637548 
           2265       0.0294564 
           2275       0.0750021 
           2285       0.0574321 
           2295        0.118447 
           2305       0.0375019 
           2315        0.177089 
           2325        0.112386 
           2335         0.21185 
           2345        0.130317 
           2355        0.098611 
           2365        0.150639 
           2375        0.135167 
           2385        0.293491 
           2395        0.257937 
           2405        0.582901 
           2415        0.290262 
           2425        0.429312 
           2435        0.702983 
           2445         1.09307 
           2455         1.36071 
           2465        0.681947 
           2475         1.47559 
           2485        0.390219 
           2495        0.539953 
           2505         1.22378 
           2513        0.763164 
           2518        0.899947 
           2525         1.20075 
           2535         3.67842 
           2545         4.68105 
           2555         4.88173 
           2565         2.12884 
           2575         4.60358 
           2585         2.50369 
           2595         3.70882 
           2605         5.60819 
           2615         4.75162 
           2625         9.47317 
           2635         15.9873 
           2645          10.954 
           2655         17.3657 
           2665          13.305 
           2675         12.6613 
           2685         18.1461 
           2695         10.9481 
           2705         23.7823 
           2715         21.6075 
           2725         16.9471 
           2735         18.0734 
           2745         27.8549 
           2755         25.6042 
           2765         43.3206 
           2775         59.5969 
           2785         36.7393 
           2795         43.9079 
           2805         43.7484 
           2815         62.1035 
           2825         58.9314 
           2835         49.0667 
           2845         29.4285 
           2855         11.0541 
           2865         53.0519 
           2875         67.5693 
           2885          127.36 
           2895         152.553 
           2910         179.804 
           2930         195.639 
           2950         198.978 
           2970         206.433 
           2990         242.913 
           3010         263.421 
           3030          324.22 
           3050          401.47 
           3070         522.352 
           3090         624.669 
           3110         809.113 
           3130         883.135 
           3150         1294.87 
           3170         1737.65 
           3190         1481.14 
           3210         1855.33 
           3230         1753.31 
           3250         2429.73 
           3270         3523.52 
           3290         4707.34 
           3310         4169.57 
           3330         4653.38 
           3350         4780.58 
           3370         3814.11 
           3390         4453.39 
           3410         5553.39 
           3430         6607.64 
           3450         5931.78 
           3470         6844.14 
           3490         8358.21 
           3510         10937.3 
           3530         9443.58 
           3550           14947 
           3570         6897.36 
           3590         5659.09 
           3610         9146.16 
           3630         16210.1 
           3640         18714.5 
           3650         19863.7 
           3670         29237.4 
           3690         24702.5 
           3710         20721.9 
           3730         8400.06 
           3750         10422.5 
           3770         22599.2 
           3790         27921.5 
           3810         22486.4 
           3830         9771.59 
           3850         16298.1 
           3870         16505.1 
           3890           21741 
           3910         23704.4 
           3930         7837.83 
           3950         15329.7 
           3970         9880.23 
           3990         40514.9 
           4010         72229.6 
           4030         65321.2 
           4050         67674.9 
           4070         65139.5 
           4090         93736.1 
           4110         72053.9 
           4130         71406.4 
           4150         71163.8 
           4170         66444.5 
           4190         77261.9 
           4210         72775.8 
           4230         47402.6 
           4250         94636.7 
           4270         91791.4 
           4290         91295.8 
           4310          101341 
           4330          151199 
           4350          164509 
           4370          172375 
           4390          146803 
           4410          150248 
           4430          165079 
           4450          175629 
           4470          192410 
           4490          209798 
           4510          262043 
           4530          201777 
           4550          222171 
           4570          264732 
           4590          253596 
           4610          268418 
           4630          263626 
           4650          266974 
           4670          294041 
           4690          292823 
           4710          285297 
           4730          293279 
           4750          315127 
           4770          272552 
           4790          285863 
           4810          296339 
           4830          323263 
           4850          323053 
           4870          321611 
           4890          358657 
           4910          370118 
           4930          362968 
           4950          370927 
           4970          304667 
           4990          294877 
           5010          253234 
           5030          296668 
           5050          298061 
           5070          316158 
           5090          287927 
           5110          317417 
           5130          296538 
           5150          294879 
           5170          247119 
           5190          253931 
           5210          281006 
           5230          399030 
           5250          404456 
           5270          374237 
           5290          456764 
           5310          518797 
           5330          436288 
           5350          498777 
           5370          504800 
           5390          473348 
           5410          485676 
           5430          487714 
           5450          484647 
           5470          453787 
           5490          466324 
           5510          448651 
           5530          512588 
           5550          537336 
           5570          536362 
           5590          515445 
           5610          497401 
           5630          489834 
           5650          519522 
           5670          507063 
           5690          559731 
           5710          516854 
           5730          602565 
           5750          583969 
           5770          592282 
           5790          551384 
           5810          612659 
           5830          652420 
           5850          603251 
           5870          585330 
           5890          401824 
           5910          534377 
           5930          555366 
           5950          561023 
           5970          596527 
           5990          586040 
           6010          580560 
           6030          637578 
           6050          666684 
           6070          677555 
           6090          649860 
           6110          658035 
           6130          607080 
           6150          646236 
           6170          535651 
           6190          569648 
           6210          550185 
           6230          499691 
           6250          498243 
           6270          553612 
           6290          598841 
           6310          590585 
           6330          626392 
           6350          635020 
           6370          626138 
           6390          654867 
           6410          655370 
           6430          643283 
           6450          658875 
           6470          680106 
           6490          635065 
           6510          673205 
           6530          698271 
           6550          677609 
           6570          686600 
           6590          698244 
           6610          695758 
           6630          690290 
           6650          667539 
           6670          640102 
           6690          619479 
           6710          599828 
           6730          588864 
           6750          581858 
           6770          625580 
           6790          590606 
           6810          620942 
           6830          648613 
           6850          644671 
           6870          662290 
           6890          697710 
           6910          714696 
           6930          697116 
           6950          700510 
           6970          739171 
           6990          721621 
           7010          722356 
           7030          750803 
           7050          741234 
           7070          633045 
           7090          594219 
           7110          582308 
           7130          519139 
           7150          531598 
           7170          575029 
           7190          598449 
           7210          603626 
           7230          664664 
           7250          681380 
           7270          701391 
           7290          705936 
           7310          726937 
           7330          738050 
           7350          742895 
           7370          786242 
           7390          777368 
           7410          778666 
           7430          789357 
           7450          796393 
           7470          795038 
           7490          794288 
           7510          819588 
           7530          830056 
           7550          833927 
           7570          829853 
           7590          802793 
           7610          798710 
           7630          795757 
           7650          798104 
           7670          743548 
           7690          775170 
           7710          747703 
           7730          762945 
           7750          751736 
           7770          774391 
           7790          776876 
           7810          794519 
           7830          776885 
           7850          768101 
           7870          788106 
           7890          759063 
           7910          736263 
           7930          753223 
           7950          728813 
           7970          782689 
           7990          775056 
           8010          786634 
           8030          790960 
           8050          785813 
           8070          766362 
           8090          755555 
           8110          752233 
           8130          774643 
           8150          780657 
           8170          788748 
           8190          767658 
           8210          749502 
           8230          783298 
           8250          779005 
           8270          796063 
           8290          779125 
           8310          739864 
           8330          753906 
           8350          748678 
           8370          758172 
           8390          726196 
           8410          768503 
           8430          738988 
           8450          751061 
           8470          754973 
           8490          741543 
           8510          703676 
           8530          728445 
           8550          581516 
           8570          773468 
           8590          774259 
           8610          778543 
           8630          787939 
           8650          779868 
           8670          621011 
           8690          752503 
           8710          793296 
           8730          797922 
           8750          799445 
           8770          800062 
           8790          804130 
           8810          777913 
           8830          791980 
           8850          810099 
           8870          757656 
           8890          773746 
           8910          790637 
           8930          766548 
           8950          761668 
           8970          769417 
           8990          782452 
           9010          751187 
           9030          772487 
           9050          799942 
           9070          806355 
           9090          769435 
           9110          767013 
           9130          794255 
           9150          739129 
           9170          721349 
           9190          738329 
           9210          717895 
           9230          735658 
           9250          725261 
           9270          737960 
           9290          726928 
           9310          755843 
           9330          758361 
           9350          746804 
           9370          733619 
           9390          728661 
           9410          714079 
           9430          726643 
           9450          705559 
           9470          734339 
           9490          731832 
           9510          746669 
           9530          742916 
           9550          729566 
           9570          734581 
           9590          753885 
           9610          739330 
           9630          744669 
           9650          713512 
           9670          709636 
           9690          733349 
           9710          727614 
           9730          722200 
           9750          720072 
           9770          727153 
           9790          709522 
           9810          742139 
           9830          729959 
           9850          747074 
           9870          746252 
           9890          749823 
           9910          739396 
           9930          746165 
           9950          740769 
           9970          750270 
           9990          753196 
          10025          739474 
          10075          733784 
          10125          745260 
          10175          735990 
          10225          744232 
          10275          748174 
          10325          734725 
          10375          732177 
          10425          738134 
          10475          734674 
          10525          737540 
          10575          727314 
          10625          729194 
          10675          713488 
          10725          716741 
          10775          711467 
          10825          701119 
          10875          693507 
          10925          683386 
          10975          639733 
          11025          637850 
          11075          649548 
          11125          651242 
          11175          659909 
          11225          660560 
          11275          649944 
          11325          656465 
          11375          642905 
          11425          651575 
          11475          661645 
          11525          663603 
          11575          657490 
          11625          649171 
          11675          651968 
          11725          664889 
          11775          651131 
          11825          651968 
          11875          642320 
          11925          657292 
          11975          629666 
          12025          646092 
          12075          642095 
          12125          645651 
          12175          647603 
          12225          646074 
          12275          642821 
          12325          637889 
          12375          638057 
          12425          633908 
          12475          635737 
          12525          630814 
          12575          631693 
          12625          630811 
          12675          624860 
          12725          626800 
          12775          630260 
          12825          607008 
          12875          620190 
          12925          608543 
          12975          621922 
          13025          614515 
          13075          620268 
          13125          607985 
          13175          610108 
          13225          612803 
          13275          601869 
          13325          610770 
          13375          606948 
          13425          611028 
          13475          610297 
          13525          609748 
          13575          601483 
          13625          597501 
          13675          603959 
          13725          608846 
          13775          604852 
          13825          608959 
          13875          599588 
          13925          575026 
          13975          584769 
          14025          582713 
          14075          571126 
          14125          551096 
          14175          551810 
          14225          555384 
          14275          546785 
          14325          560930 
          14375          564491 
          14425          551423 
          14475          574393 
          14525          552928 
          14570          552784 
          14620          532899 
          14675          534161 
          14725          535423 
          14775          544627 
          14825          551141 
          14875          551972 
          14925          565528 
          14975          567741 
          15025          553606 
          15075          549160 
          15125          549208 
          15175          558843 
          15225          563892 
          15275          559398 
          15325          569869 
          15375          568784 
          15425          563298 
          15475          579106 
          15525          564440 
          15575          538709 
          15625          560897 
          15675          563856 
          15725          572328 
          15775          521774 
          15825          542115 
          15875          540037 
          15925          558235 
          15975          545017 
          16050          542627 
          16150          555153 
          16250          536757 
          16350          562890 
          16450          520623 
          16550          552464 
          16650          513071 
          16750          531388 
          16850          504560 
          16950          521870 
          17050          501538 
          17150          499358 
          17250          492964 
          17350          473117 
          17450          481332 
          17550          465161 
          17650          464717 
          17750          452968 
          17850          448543 
          17950          446181 
          18050          426518 
          18150          428865 
          18250          415953 
          18350          411366 
          18450          401662 
          18550          396652 
          18650          387647 
          18750          381444 
          18850          376219 
          18950          360782 
          19050          367758 
          19150          359376 
          19250          357817 
          19350          343523 
          19450          337731 
          19550          336532 
          19650          325748 
          19750          312992 
          19850          311406 
          19950          305575 
          20050          306913 
          20150          302194 
          20250          291297 
          20350          289469 
          20450          287410 
          20550          278063 
          20650          273627 
          20750          269561 
          20850          265171 
          20950          259444 
          21050          258864 
          21150          254998 
          21250          249884 
          21350          247995 
          21450          242634 
          21550          239098 
          21650          234997 
          21750          229425 
          21850          227653 
          21950          225357 
          22050          217382 
          22150          220868 
          22250          211604 
          22350          210024 
          22450          207059 
          22550          205300 
          22650          199328 
          22750          200607 
          22850          195334 
          22950          159940 
          23050          175211 
          23150          173237 
          23250          144709 
          23350          158314 
          23450          150184 
          23550          126271 
          23650          144254 
          23750          136416 
          23850          118975 
          23950          132794 
          24050          129360 
          24150          114797 
          24250          125538 
          24350          123225 
          24450          113939 
          24550          115444 
          24650          120064 
          24750          114441 
          24850          107524 
          24950          112486 
          25050          114688 
          25150          104105 
          25250          105900 
          25350          108214 
          25450          107144 
          25550          105164 
          25650          105709 
          25750          106554 
          25850         99969.4 
          25950          101908 
          26050          103459 
          26150          101876 
          26250         99209.4 
          26350          100645 
          26450          100536 
          26550         94468.2 
          26650           94673 
          26750         98862.6 
          26850         96941.5 
          26950         92945.3 
          27050         95219.8 
          27150           93758 
          27250         94689.7 
          27350         90407.5 
          27450           91625 
          27550         91854.3 
          27650         89909.9 
          27750         87844.3 
          27850         88161.8 
          27950         85844.4 
          28050         83351.6 
          28150         83582.7 
          28250         83832.5 
          28350         84348.4 
          28450         83807.6 
          28550         81760.9 
          28650         81696.1 
          28750         81365.8 
          28850         80015.2 
          28950         79755.6 
          29050         78265.3 
          29150           78647 
          29250         75503.6 
          29350         76179.4 
          29450         73078.3 
          29550         74396.8 
          29650         72455.9 
          29750         73076.2 
          29850         72084.2 
          29950         71834.8 
          30050         69672.1 
          30150           70686 
          30250           69330 
          30350         69008.9 
          30450         66675.3 
          30550         67680.5 
          30650           66678 
          30750         65954.3 
          30850         64411.3 
          30950         63618.1 
          31050         64045.3 
          31150         62244.7 
          31250         62583.8 
          31350         60360.5 
          31450           60758 
          31550         60241.2 
          31650         59853.6 
          31750         58823.2 
          31850         58101.6 
          31950         57387.8 
          32100         57298.7 
          32300         54832.6 
          32500         54548.7 
          32700         53175.4 
          32900         51479.8 
          33100         50973.1 
          33300         49275.4 
          33500         48682.1 
          33700         47900.2 
          33900         46012.4 
          34100         45568.2 
          34300         45102.3 
          34500         43216.9 
          34700         43001.6 
          34900         42241.1 
          35100         40828.4 
          35300         40058.6 
          35500         39653.5 
          35700         38270.3 
          35900           37585 
          36100         37409.6 
          36300         36149.6 
          36500         35491.5 
          36700           34868 
          36900         34006.7 
          37100         32967.9 
          37300         32653.1 
          37500         32040.6 
          37700         31150.2 
          37900         30969.2 
          38100         30193.3 
          38300         29701.5 
          38500           29137 
          38700         28632.9 
          38900         27945.9 
          39100         27480.8 
          39300         26970.1 
          39500         26543.1 
          39700         25989.5 
          39900         24979.5 
          40100         23920.4 
          40300           23992 
          40500         22139.2 
          40700         22505.5 
          40900         21055.6 
          41100         21583.1 
          41300           20155 
          41500         20569.1 
          41700         19326.5 
          41900         19723.5 
          42100         18778.8 
          42300           18836 
          42500         18215.7 
          42700         18113.9 
          42900         16981.2 
          43100         15830.9 
          43300         16479.9 
          43500         14964.1 
          43700         14765.7 
          43900         14258.7 
          44100           13139 
          44300         13249.1 
          44500         12662.1 
          44700         12067.5 
          44900         12273.4 
          45100           11824 
          45300         11244.7 
          45500         11578.2 
          45700         11276.7 
          45900         10609.7 
          46100         10993.1 
          46300         10595.1 
          46500         10554.9 
          46700         10527.2 
          46900         10290.9 
          47100         10069.3 
          47300         10241.8 
          47500         9979.91 
          47700         9873.87 
          47900         9724.94 
          48100         9466.58 
          48300         9677.57 
          48500         9495.42 
          48700         9182.97 
          48900         9186.63 
          49100         9062.88 
          49300         8915.71 
          49500         8718.65 
          49700          8832.1 
          49900         8643.74 
          50100         8370.15 
          50300         8540.76 
          50500         8278.68 
          50700         8240.61 
          50900            8137 
          51100         7996.12 
          51300         7891.23 
          51500         7809.32 
          51700         7818.08 
          51900         7705.78 
          52100         7562.32 
          52300         7502.97 
          52500         7467.35 
          52700         7579.53 
          52900         7210.28 
          53100         7134.16 
          53300         7086.67 
          53500         7025.25 
          53700         6963.46 
          53900         6900.47 
          54100         6837.31 
          54300         6666.81 
          54500         6744.55 
          54700         6531.64 
          54900         6569.02 
          55100         6386.78 
          55300          6547.5 
          55500         6296.51 
          55700         6333.33 
          55900         6215.42 
          56100         6231.73 
          56300         6042.17 
          56500         6071.94 
          56700          5978.1 
          56900         5813.25 
          57100         5867.24 
          57300         5814.41 
          57500         5734.97 
          57700         5662.24 
          57900         5656.66 
          58100         5577.49 
          58300         5504.28 
          58500         5455.14 
          58700         5348.51 
          58900         5314.51 
          59100         5257.16 
          59300         5226.67 
          59500         5132.42 
          59700         5122.61 
          59900         5075.04 
          60100         5020.86 
          60300         4949.99 
          60500         4861.85 
          60700         4829.87 
          60900         4766.19 
          61100         4702.06 
          61300         4681.44 
          61500         4642.38 
          61700         4620.85 
          61900         4556.22 
          62100         4525.46 
          62300         4457.04 
          62500         4380.93 
          62700         4340.37 
          62900         4302.53 
          63100         4247.01 
          63300         4227.91 
          63500          4154.7 
          63700         4153.08 
          63900         4070.19 
          64200         4017.34 
          64600         3903.57 
          65000         3820.79 
          65400         3732.03 
          65800         3647.87 
          66200         3555.12 
          66600         3494.26 
          67000         3417.69 
          67400         3341.07 
          67800         3264.74 
          68200         3190.66 
          68600         3139.55 
          69000         3064.81 
          69400         2996.96 
          69800         2946.62 
          70200         2872.85 
          70600         2816.73 
          71000         2756.91 
          71400         2703.64 
          71800            2647 
          72200         2588.05 
          72600         2534.81 
          73000         2487.52 
          73400         2429.72 
          73800         2385.12 
          74200         2328.61 
          74600          2283.6 
          75000         2240.83 
          75400         2160.52 
          75800         2052.74 
          76200         1967.92 
          76600         1889.76 
          77000         1837.27 
          77400         1760.47 
          77800         1703.27 
          78200          1657.3 
          78600         1600.53 
          79000         1578.03 
          79400         1519.56 
          79800         1498.22 
          80200         1468.72 
          80600         1434.12 
          81000         1410.23 
          81400         1394.01 
          81800         1362.23 
          82200         1345.43 
          82600         1327.52 
          83000         1293.76 
          83400         1286.03 
          83800         1257.37 
          84200         1239.39 
          84600          1214.7 
          85000         1210.75 
          85400         1181.25 
          85800         1161.51 
          86200         1149.04 
          86600          1118.9 
          87000         1114.61 
          87400          1099.2 
          87800         1074.06 
          88200         1053.54 
          88600         1037.76 
          89000         1025.03 
          89400         1012.82 
          89800         991.854 
          90200         981.919 
          90600         974.508 
          91000         952.995 
          91400         935.155 
          91800         926.443 
          92200         900.607 
          92600          900.75 
          93000         886.702 
          93400         873.424 
          93800         851.261 
          94200         844.006 
          94600         828.168 
          95000         825.218 
          95400         812.599 
          95800         798.027 
          96200         788.394 
          96600         774.448 
          97000         769.675 
          97400         754.392 
          97800         744.927 
          98200         734.495 
          98600         726.997 
          99000         714.369 
          99400         701.538 
          99800         696.229 
         100200         685.541 
         200000         45.9384 
         400000         2.93944 
         600000        0.582278 
         800000        0.183956 
         1.0e+6       0.0751502 
         1.2e+6       0.0361295 
         1.4e+6         0.01944 
         1.6e+6       0.0113614 
