
              0               0 
           90.9      4.96603e-9 
           93.5       1.7126e-8 
           96.1      5.49358e-8 
           97.7      1.10612e-7 
           99.6      2.44757e-7 
            102      6.41028e-7 
          103.8      1.28445e-6 
          105.6      2.51595e-6 
          107.7      5.36386e-6 
          110.4      1.36299e-5 
            114      4.42332e-5 
          117.8     0.000142425 
          121.3     0.000393331 
          124.8      0.00102768 
          127.1      0.00187969 
          128.4      0.00261984 
          130.5      0.00441627 
          132.4      0.00699206 
          133.9      0.00997086 
          136.6       0.0184853 
          139.8       0.0375766 
          143.3       0.0785753 
          147.2        0.169923 
            151        0.357035 
          155.2         0.76749 
          158.8          1.4362 
            162         2.44694 
            166         4.68123 
          170.3         9.03011 
          173.4         14.2736 
          176.8          23.268 
          180.2         37.1278 
          181.7         45.2875 
          186.1         80.6996 
            191         148.478 
          193.9         210.514 
          198.4         353.908 
          201.8         514.531 
            205         726.577 
          210.5         1281.78 
          216.2         2227.38 
          219.8         3140.27 
            223         4194.79 
          226.8          5863.1 
            230      2.38672e+6 
            234      7.87297e+6 
            240      1.12895e+7 
          246.5      1.60718e+7 
          252.4      2.56088e+7 
          256.8      3.31427e+7 
            260      4.36444e+7 
            264      1.27739e+8 
          268.5      1.76633e+8 
          273.5      2.13471e+8 
          278.5      1.73439e+8 
            284       3.7126e+8 
            290      5.08025e+8 
            296      4.44727e+8 
            301      7.61062e+8 
            308      4.12179e+9 
            318      2.54123e+9 
            328      4.06342e+9 
            338      4.04285e+9 
            348      4.82579e+9 
            357     1.12429e+10 
            366     2.15038e+10 
            375     2.65947e+10 
            385     2.58456e+10 
            395     3.94827e+10 
            405     5.30902e+10 
            414     4.94178e+10 
            422     4.81185e+10 
            430     4.42053e+10 
            441     4.99793e+10 
            451     5.15973e+10 
            460      4.3874e+10 
            470     4.53595e+10 
            480     5.05888e+10 
            490     4.05397e+10 
            500     4.99364e+10 
            506     4.54192e+10 
            512     1.06601e+11 
            520     9.78801e+10 
            530     8.79153e+10 
            540     7.70476e+10 
            550     7.44007e+10 
            560     9.69841e+10 
            570     1.03401e+11 
            580     9.77126e+10 
            590      9.8701e+10 
            600     8.09437e+10 
            610     8.39641e+10 
            620     1.01308e+11 
            630     9.55732e+10 
            640     1.00474e+11 
            650     9.46775e+10 
            658     8.24324e+10 
            665     9.39472e+10 
            675     9.97257e+10 
            685     8.38286e+10 
            695     9.57375e+10 
            705     8.06103e+10 
            716     9.64576e+10 
            726     9.52767e+10 
            735     9.53706e+10 
            745     8.90537e+10 
            755     8.74372e+10 
            765     8.26042e+10 
            775     8.53722e+10 
            785      8.1108e+10 
            795     8.39623e+10 
            805     8.20112e+10 
            815     8.14176e+10 
            825     8.17306e+10 
            835     7.04102e+10 
            845     7.78918e+10 
            855     7.53795e+10 
            865     7.67634e+10 
            875     7.58061e+10 
            885     7.43866e+10 
            895     7.33778e+10 
            905     7.08637e+10 
            915     5.63685e+10 
            925     9.47611e+10 
            935     1.31115e+11 
            945     1.63002e+11 
            955     1.80855e+11 
            965     2.07188e+11 
            975     1.32993e+11 
            985     1.82489e+11 
            995     1.60753e+11 
           1005     1.63243e+11 
           1015     1.67809e+11 
           1025     1.34323e+11 
           1035     1.66483e+11 
           1045     1.75458e+11 
           1055     1.69241e+11 
           1065     1.55419e+11 
           1075     1.56309e+11 
           1085     1.41524e+11 
           1095     1.49379e+11 
           1105      1.4271e+11 
           1115     1.40359e+11 
           1125     1.28826e+11 
           1135     1.34827e+11 
           1145     1.32218e+11 
           1155     1.23274e+11 
           1165       1.171e+11 
           1175     9.60529e+10 
           1185     1.08985e+11 
           1195     1.04776e+11 
           1205     1.01747e+11 
           1215       8.002e+10 
           1225     9.53283e+10 
           1235     9.78268e+10 
           1245     9.55226e+10 
           1255     9.48459e+10 
           1265     9.53511e+10 
           1275     9.58197e+10 
           1285     9.47104e+10 
           1295     9.15641e+10 
           1305     8.91619e+10 
           1315     8.99242e+10 
           1325     8.74456e+10 
           1335     8.53899e+10 
           1345     8.42249e+10 
           1355     8.09569e+10 
           1365     7.81736e+10 
           1375     7.55105e+10 
           1385     7.39978e+10 
           1395     6.90806e+10 
           1405     6.64385e+10 
           1415     7.10325e+10 
           1425     6.46236e+10 
           1435     6.72974e+10 
           1442     6.52342e+10 
           1447     6.49515e+10 
           1455      6.2442e+10 
           1465     6.18748e+10 
           1475     6.09295e+10 
           1485     6.10941e+10 
           1495     5.90996e+10 
           1505     5.86196e+10 
           1512      5.7999e+10 
           1517     5.71998e+10 
           1525     5.58738e+10 
           1535     5.09048e+10 
           1545     4.31365e+10 
           1555     4.37895e+10 
           1565     4.71876e+10 
           1575     4.82336e+10 
           1585     4.76778e+10 
           1595     4.74077e+10 
           1605     4.46967e+10 
           1615      4.3043e+10 
           1625     4.33665e+10 
           1635     4.27123e+10 
           1645     4.14052e+10 
           1655     4.26725e+10 
           1665      4.1732e+10 
           1672     3.92135e+10 
           1677     4.29893e+10 
           1685     4.17038e+10 
           1695     4.07844e+10 
           1705     3.97915e+10 
           1715     3.82376e+10 
           1725     3.72093e+10 
           1735     3.80332e+10 
           1745     3.75094e+10 
           1755      3.6545e+10 
           1765     3.60099e+10 
           1775     3.50769e+10 
           1785     3.51057e+10 
           1795     3.40468e+10 
           1805     3.35968e+10 
           1815     3.29841e+10 
           1825     3.22139e+10 
           1835     3.20496e+10 
           1845      3.1444e+10 
           1855     3.10963e+10 
           1865     3.06793e+10 
           1875     2.98309e+10 
           1885     2.91887e+10 
           1895     2.91814e+10 
           1905     2.88873e+10 
           1915     2.83296e+10 
           1925     2.69533e+10 
           1935     2.75618e+10 
           1945     2.72592e+10 
           1955     2.59865e+10 
           1967     2.61242e+10 
           1976     2.58356e+10 
           1984     2.55492e+10 
           1995     2.49568e+10 
           2005     2.48472e+10 
           2015     2.44444e+10 
           2025     2.40437e+10 
           2035     2.35623e+10 
           2045     2.31028e+10 
           2055     1.73324e+10 
           2065     1.65129e+10 
           2074     1.67185e+10 
           2078     1.69377e+10 
           2085     1.78182e+10 
           2095     1.95737e+10 
           2105     2.07392e+10 
           2115     2.08568e+10 
           2125     2.03631e+10 
           2135     2.01762e+10 
           2145     1.98673e+10 
           2155     1.98026e+10 
           2165     1.87094e+10 
           2175     1.93668e+10 
           2185     1.83827e+10 
           2195     1.88732e+10 
           2205     1.86016e+10 
           2215     1.75257e+10 
           2225     1.80184e+10 
           2235     1.77843e+10 
           2245     1.74237e+10 
           2255     1.65264e+10 
           2265     1.69595e+10 
           2275     1.67685e+10 
           2285     1.63616e+10 
           2295     1.56664e+10 
           2305     1.53138e+10 
           2315     1.55902e+10 
           2325      1.5494e+10 
           2335     1.52752e+10 
           2345     1.49986e+10 
           2355     1.47071e+10 
           2365     1.44739e+10 
           2375     1.41726e+10 
           2385      1.3338e+10 
           2395     1.36656e+10 
           2405     1.35783e+10 
           2415     1.34228e+10 
           2425     1.33315e+10 
           2435      1.3104e+10 
           2445     1.29328e+10 
           2455     1.27058e+10 
           2465     1.25707e+10 
           2475     1.24336e+10 
           2485     1.21629e+10 
           2495     1.06555e+10 
           2505     1.17383e+10 
           2513       1.085e+10 
           2518     1.13703e+10 
           2525     1.14852e+10 
           2535     1.14164e+10 
           2545     1.12623e+10 
           2555     1.10883e+10 
           2565     1.09494e+10 
           2575     1.07974e+10 
           2585     1.06583e+10 
           2595     1.04107e+10 
           2605     1.03831e+10 
           2615     1.01826e+10 
           2625     1.01118e+10 
           2635      9.99229e+9 
           2645      9.82693e+9 
           2655      9.72206e+9 
           2665      9.57018e+9 
           2675      9.34135e+9 
           2685       9.3132e+9 
           2695      9.16744e+9 
           2705      9.10698e+9 
           2715      8.95876e+9 
           2725      8.83782e+9 
           2735      8.45151e+9 
           2745      8.64901e+9 
           2755      8.52829e+9 
           2765      8.40411e+9 
           2775      8.31969e+9 
           2785      8.18427e+9 
           2795      8.00671e+9 
           2805      7.97844e+9 
           2815      7.89998e+9 
           2825      7.78516e+9 
           2835       7.6933e+9 
           2845      7.62348e+9 
           2855      7.52395e+9 
           2865      7.40131e+9 
           2875        7.323e+9 
           2885       7.2411e+9 
           2895      7.14396e+9 
           2910      7.00243e+9 
           2930      6.85583e+9 
           2950      6.67704e+9 
           2970       6.5114e+9 
           2990       6.3264e+9 
           3010      6.17773e+9 
           3030       6.0037e+9 
           3050      5.89203e+9 
           3070      5.76435e+9 
           3090      5.63868e+9 
           3110      5.52002e+9 
           3130      5.38742e+9 
           3150      5.27935e+9 
           3170       5.1537e+9 
           3190       5.0393e+9 
           3210        4.848e+9 
           3230      4.82753e+9 
           3250        4.728e+9 
           3270      4.58401e+9 
           3290      4.51209e+9 
           3310      4.40995e+9 
           3330      4.31362e+9 
           3350       4.1985e+9 
           3370      4.12526e+9 
           3390      4.04888e+9 
           3410      3.96134e+9 
           3430       3.8842e+9 
           3450      3.78233e+9 
           3470      3.72321e+9 
           3490      3.65096e+9 
           3510      3.57892e+9 
           3530      3.50128e+9 
           3550      3.42876e+9 
           3570      3.36532e+9 
           3590      3.29109e+9 
           3610      3.22034e+9 
           3630      3.15607e+9 
           3640      3.08103e+9 
           3650      2.81635e+9 
           3670       2.7658e+9 
           3690      2.71539e+9 
           3710      2.65937e+9 
           3730      2.64815e+9 
           3750      2.63748e+9 
           3770      2.61537e+9 
           3790      2.65105e+9 
           3810      2.68557e+9 
           3830      2.50243e+9 
           3850       2.6448e+9 
           3870      2.61879e+9 
           3890      2.33112e+9 
           3910       2.5608e+9 
           3930      2.50505e+9 
           3950      2.45222e+9 
           3970      2.14743e+9 
           3990      2.37419e+9 
           4010      2.34112e+9 
           4030      2.24877e+9 
           4050      2.27026e+9 
           4070      2.21052e+9 
           4090      2.08585e+9 
           4110      1.93536e+9 
           4130       2.0913e+9 
           4150      2.06194e+9 
           4170      2.03818e+9 
           4190      1.99036e+9 
           4210      1.93627e+9 
           4230      1.93733e+9 
           4250      1.89887e+9 
           4270      1.86445e+9 
           4290      1.83228e+9 
           4310      1.78995e+9 
           4330      1.68058e+9 
           4350      1.58751e+9 
           4370      1.70087e+9 
           4390      1.66105e+9 
           4410       1.6442e+9 
           4430      1.62428e+9 
           4450      1.59603e+9 
           4470      1.54505e+9 
           4490       1.5441e+9 
           4510      1.51034e+9 
           4530      1.48628e+9 
           4550      1.43672e+9 
           4570      1.44479e+9 
           4590      1.41885e+9 
           4610      1.39752e+9 
           4630      1.36658e+9 
           4650      1.31567e+9 
           4670      1.32586e+9 
           4690      1.26751e+9 
           4710      1.28372e+9 
           4730      1.27509e+9 
           4750      1.25491e+9 
           4770      1.23542e+9 
           4790      1.21585e+9 
           4810      1.19621e+9 
           4830      1.17331e+9 
           4850      1.11484e+9 
           4870        1.035e+9 
           4890      1.11717e+9 
           4910      1.10473e+9 
           4930      1.07883e+9 
           4950      1.07211e+9 
           4970      1.05787e+9 
           4990      1.04212e+9 
           5010      1.01914e+9 
           5030      1.00927e+9 
           5050      9.93494e+8 
           5070      9.81011e+8 
           5090      9.66558e+8 
           5110      9.52327e+8 
           5130      9.38159e+8 
           5150      9.24293e+8 
           5170      9.10799e+8 
           5190      8.97696e+8 
           5210      8.84807e+8 
           5230      8.72201e+8 
           5250      8.58174e+8 
           5270      8.45637e+8 
           5290      8.35216e+8 
           5310      8.23269e+8 
           5330      8.11574e+8 
           5350      8.00212e+8 
           5370      7.88934e+8 
           5390      7.77734e+8 
           5410      7.50408e+8 
           5430       7.5602e+8 
           5450      7.45827e+8 
           5470      7.35409e+8 
           5490      7.25336e+8 
           5510      7.14756e+8 
           5530       7.0558e+8 
           5550      6.96001e+8 
           5570      6.86228e+8 
           5590      6.75274e+8 
           5610      6.68087e+8 
           5630      6.59082e+8 
           5650      6.50187e+8 
           5670      6.41388e+8 
           5690      6.23775e+8 
           5710      5.89104e+8 
           5730      5.81603e+8 
           5750      5.74079e+8 
           5770      5.67015e+8 
           5790      5.59889e+8 
           5810      5.51144e+8 
           5830      5.46039e+8 
           5850      5.41056e+8 
           5870      5.28957e+8 
           5890       5.3066e+8 
           5910      5.26534e+8 
           5930      5.22409e+8 
           5950       5.1865e+8 
           5970      5.15274e+8 
           5990      5.12028e+8 
           6010      5.08241e+8 
           6030      5.03858e+8 
           6050      4.99907e+8 
           6070      4.93968e+8 
           6090      4.88413e+8 
           6110      4.82306e+8 
           6130      4.76685e+8 
           6150      4.70821e+8 
           6170       4.6434e+8 
           6190      4.59576e+8 
           6210      4.54081e+8 
           6230       4.4747e+8 
           6250       4.4274e+8 
           6270      4.37649e+8 
           6290      4.32358e+8 
           6310      4.25504e+8 
           6330      4.21841e+8 
           6350      4.16825e+8 
           6370      4.11918e+8 
           6390      4.06761e+8 
           6410      4.00136e+8 
           6430      3.97369e+8 
           6450      3.92419e+8 
           6470      3.87674e+8 
           6490      3.83276e+8 
           6510      3.78152e+8 
           6530      3.70846e+8 
           6550      3.61544e+8 
           6570      3.32902e+8 
           6590      3.59457e+8 
           6610        3.572e+8 
           6630      3.53317e+8 
           6650      3.49243e+8 
           6670      3.42291e+8 
           6690      3.36301e+8 
           6710      3.36742e+8 
           6730      3.33138e+8 
           6750      3.29388e+8 
           6770      3.25991e+8 
           6790      3.22382e+8 
           6810      3.18793e+8 
           6830      3.15217e+8 
           6850      3.11637e+8 
           6870      3.08037e+8 
           6890      3.01237e+8 
           6910      3.00995e+8 
           6930      2.98082e+8 
           6950      2.94794e+8 
           6970      2.91554e+8 
           6990       2.8833e+8 
           7010      2.85039e+8 
           7030      2.81597e+8 
           7050      2.78782e+8 
           7070      2.73672e+8 
           7090      2.73007e+8 
           7110       2.7002e+8 
           7130      2.67121e+8 
           7150      2.64288e+8 
           7170       2.5921e+8 
           7190      2.57253e+8 
           7210      2.55914e+8 
           7230      2.53066e+8 
           7250      2.50489e+8 
           7270      2.47866e+8 
           7290      2.44395e+8 
           7310      2.42559e+8 
           7330      2.40136e+8 
           7350      2.37625e+8 
           7370      2.35102e+8 
           7390      2.32707e+8 
           7410      2.30238e+8 
           7430      2.27915e+8 
           7450       2.2541e+8 
           7470      2.23192e+8 
           7490      2.20437e+8 
           7510       2.1861e+8 
           7530      2.16441e+8 
           7550      2.14231e+8 
           7570      2.12009e+8 
           7590      2.06689e+8 
           7610       2.0736e+8 
           7630      2.05614e+8 
           7650      2.03575e+8 
           7670       2.0158e+8 
           7690      1.99239e+8 
           7710      1.97415e+8 
           7730      1.95203e+8 
           7750      1.93626e+8 
           7770      1.91751e+8 
           7790      1.89855e+8 
           7810       1.8797e+8 
           7830       1.8612e+8 
           7850      1.84103e+8 
           7870      1.82402e+8 
           7890      1.80673e+8 
           7910       1.7899e+8 
           7930      1.77268e+8 
           7950      1.75548e+8 
           7970      1.73743e+8 
           7990      1.72154e+8 
           8010      1.70515e+8 
           8030      1.68773e+8 
           8050      1.67261e+8 
           8070      1.65658e+8 
           8090       1.6408e+8 
           8110       1.6247e+8 
           8130      1.60976e+8 
           8150      1.59449e+8 
           8170      1.57846e+8 
           8190      1.55851e+8 
           8210        1.499e+8 
           8230      1.47493e+8 
           8250      1.46912e+8 
           8270      1.45734e+8 
           8290      1.44543e+8 
           8310      1.43281e+8 
           8330      1.41753e+8 
           8350      1.40393e+8 
           8370      1.39341e+8 
           8390       1.3818e+8 
           8410      1.36948e+8 
           8430      1.35754e+8 
           8450      1.34405e+8 
           8470      1.33419e+8 
           8490      1.32289e+8 
           8510      1.30981e+8 
           8530      1.30114e+8 
           8550      1.29017e+8 
           8570      1.28128e+8 
           8590      1.26644e+8 
           8610      1.25919e+8 
           8630      1.25356e+8 
           8650      1.23966e+8 
           8670      1.22287e+8 
           8690      1.22534e+8 
           8710      1.21912e+8 
           8730       1.2038e+8 
           8750      1.17557e+8 
           8770      1.18192e+8 
           8790      1.18533e+8 
           8810      1.17913e+8 
           8830       1.1679e+8 
           8850      1.13641e+8 
           8870       1.1062e+8 
           8890      1.13455e+8 
           8910      1.13468e+8 
           8930      1.12714e+8 
           8950      1.11863e+8 
           8970      1.10798e+8 
           8990      1.08637e+8 
           9010      1.03093e+8 
           9030      1.04267e+8 
           9050      1.06511e+8 
           9070      1.05896e+8 
           9090      1.05439e+8 
           9110       1.0465e+8 
           9130      1.03944e+8 
           9150      1.03071e+8 
           9170      1.01896e+8 
           9190      1.00708e+8 
           9210      9.78289e+7 
           9230      9.18024e+7 
           9250       9.6007e+7 
           9270      9.72725e+7 
           9290      9.68977e+7 
           9310      9.61602e+7 
           9330      9.53934e+7 
           9350      9.26844e+7 
           9370      9.36624e+7 
           9390      9.31911e+7 
           9410      9.23742e+7 
           9430      9.16567e+7 
           9450      9.09274e+7 
           9470      8.99725e+7 
           9490      8.91838e+7 
           9510      8.77343e+7 
           9530       8.5002e+7 
           9550      7.95655e+7 
           9570       8.4474e+7 
           9590      8.53179e+7 
           9610      8.49102e+7 
           9630      8.42858e+7 
           9650      8.38154e+7 
           9670      8.31588e+7 
           9690       8.2475e+7 
           9710      8.09808e+7 
           9730       8.1054e+7 
           9750      8.04484e+7 
           9770      7.96102e+7 
           9790       7.9242e+7 
           9810      7.86179e+7 
           9830      7.79745e+7 
           9850      7.73749e+7 
           9870      7.67679e+7 
           9890      7.61455e+7 
           9910      7.55201e+7 
           9930      7.49718e+7 
           9950       7.4389e+7 
           9970      7.37915e+7 
           9990      7.30357e+7 
          10025      7.01203e+7 
          10075      6.80748e+7 
          10125      6.82567e+7 
          10175      6.81662e+7 
          10225      6.68597e+7 
          10275      6.55898e+7 
          10325      6.42281e+7 
          10375      6.31696e+7 
          10425      6.17989e+7 
          10475      6.08465e+7 
          10525      5.97223e+7 
          10575      5.86265e+7 
          10625      5.75554e+7 
          10675      5.64821e+7 
          10725       5.5485e+7 
          10775      5.44813e+7 
          10825      5.32075e+7 
          10875      5.23911e+7 
          10925      4.87912e+7 
          10975      4.98114e+7 
          11025      4.96768e+7 
          11075      4.89159e+7 
          11125      4.80723e+7 
          11175      4.72509e+7 
          11225      4.64244e+7 
          11275      4.56281e+7 
          11325      4.48385e+7 
          11375      4.40725e+7 
          11425      4.33269e+7 
          11475      4.25894e+7 
          11525       4.1872e+7 
          11575      4.11594e+7 
          11625      4.00703e+7 
          11675      3.95618e+7 
          11725      3.91403e+7 
          11775      3.84934e+7 
          11825      3.78479e+7 
          11875      3.72333e+7 
          11925       3.6625e+7 
          11975       3.5818e+7 
          12025      3.54481e+7 
          12075      3.48707e+7 
          12125       3.4302e+7 
          12175      3.37641e+7 
          12225      3.32236e+7 
          12275       3.2696e+7 
          12325      3.21782e+7 
          12375      3.16704e+7 
          12425      3.11745e+7 
          12475      3.06853e+7 
          12525       3.0184e+7 
          12575      2.97347e+7 
          12625      2.92775e+7 
          12675      2.88265e+7 
          12725      2.83724e+7 
          12775      2.76037e+7 
          12825      2.59184e+7 
          12875      2.69539e+7 
          12925      2.66961e+7 
          12975      2.62289e+7 
          13025      2.58969e+7 
          13075      2.55119e+7 
          13125       2.5132e+7 
          13175      2.47593e+7 
          13225      2.43937e+7 
          13275      2.40328e+7 
          13325       2.3681e+7 
          13375      2.33337e+7 
          13425      2.29888e+7 
          13475      2.26608e+7 
          13525      2.23309e+7 
          13575      2.20113e+7 
          13625      2.16938e+7 
          13675      2.13843e+7 
          13725      2.10748e+7 
          13775      2.07792e+7 
          13825      2.04852e+7 
          13875       2.0195e+7 
          13925      1.99104e+7 
          13975      1.96331e+7 
          14025      1.93555e+7 
          14075      1.90889e+7 
          14125      1.88233e+7 
          14175      1.85623e+7 
          14225      1.83077e+7 
          14275       1.8056e+7 
          14325      1.78085e+7 
          14375      1.75659e+7 
          14425      1.73276e+7 
          14475      1.70928e+7 
          14525       1.6862e+7 
          14570      1.66575e+7 
          14620      1.64359e+7 
          14675      1.61943e+7 
          14725      1.59718e+7 
          14775      1.56376e+7 
          14825      1.55573e+7 
          14875      1.53544e+7 
          14925      1.51534e+7 
          14975      1.49551e+7 
          15025      1.47598e+7 
          15075      1.45584e+7 
          15125      1.43793e+7 
          15175      1.41936e+7 
          15225      1.40108e+7 
          15275      1.38304e+7 
          15325      1.36529e+7 
          15375       1.3479e+7 
          15425      1.33053e+7 
          15475      1.31386e+7 
          15525      1.29713e+7 
          15575      1.28027e+7 
          15625      1.26495e+7 
          15675      1.24812e+7 
          15725      1.23206e+7 
          15775      1.21831e+7 
          15825      1.20279e+7 
          15875      1.18449e+7 
          15925      1.17229e+7 
          15975      1.15971e+7 
          16050      1.13675e+7 
          16150      1.10648e+7 
          16250      1.08629e+7 
          16350      1.05511e+7 
          16450      1.02546e+7 
          16550      1.01073e+7 
          16650       9.8722e+6 
          16750      9.57003e+6 
          16850      9.28589e+6 
          16950      9.19592e+6 
          17050      8.95852e+6 
          17150      8.78275e+6 
          17250      8.57146e+6 
          17350      8.20085e+6 
          17450      8.16662e+6 
          17550      8.01684e+6 
          17650      7.83858e+6 
          17750      7.66512e+6 
          17850      7.49646e+6 
          17950      7.33262e+6 
          18050      7.16765e+6 
          18150      6.83833e+6 
          18250      6.81911e+6 
          18350      6.71961e+6 
          18450      6.57658e+6 
          18550        6.436e+6 
          18650      6.21239e+6 
          18750      5.95631e+6 
          18850      6.03461e+6 
          18950       5.9158e+6 
          19050      5.78234e+6 
          19150      5.67444e+6 
          19250       5.5589e+6 
          19350      5.43218e+6 
          19450      5.15688e+6 
          19550      5.21159e+6 
          19650      5.12357e+6 
          19750      5.02149e+6 
          19850      4.92187e+6 
          19950      4.82459e+6 
          20050       4.7301e+6 
          20150      4.63761e+6 
          20250      4.54746e+6 
          20350      4.45938e+6 
          20450       4.3731e+6 
          20550      4.28637e+6 
          20650      4.20786e+6 
          20750      4.12751e+6 
          20850      4.04987e+6 
          20950      3.97372e+6 
          21050      3.89922e+6 
          21150      3.82026e+6 
          21250      3.75559e+6 
          21350      3.68622e+6 
          21450      3.61811e+6 
          21550      3.54469e+6 
          21650      3.35723e+6 
          21750      3.40924e+6 
          21850       3.3616e+6 
          21950      3.30203e+6 
          22050      3.24294e+6 
          22150      3.18523e+6 
          22250      3.12866e+6 
          22350       3.0735e+6 
          22450      3.01942e+6 
          22550      2.96656e+6 
          22650      2.91487e+6 
          22750      2.86433e+6 
          22850      2.81904e+6 
          22950      2.77057e+6 
          23050      2.72254e+6 
          23150      2.67665e+6 
          23250      2.63116e+6 
          23350      2.58663e+6 
          23450      2.54304e+6 
          23550      2.50036e+6 
          23650      2.45858e+6 
          23750      2.41769e+6 
          23850      2.37765e+6 
          23950       2.3384e+6 
          24050      2.29997e+6 
          24150       2.2623e+6 
          24250      2.22484e+6 
          24350      2.18926e+6 
          24450      2.15387e+6 
          24550      2.11917e+6 
          24650      2.08521e+6 
          24750       2.0497e+6 
          24850       2.0192e+6 
          24950      1.98719e+6 
          25050      1.95581e+6 
          25150      1.92504e+6 
          25250      1.89369e+6 
          25350      1.86529e+6 
          25450       1.8363e+6 
          25550      1.80753e+6 
          25650      1.77554e+6 
          25750      1.75257e+6 
          25850      1.72573e+6 
          25950      1.69942e+6 
          26050      1.66969e+6 
          26150      1.63529e+6 
          26250      1.55605e+6 
          26350      1.59021e+6 
          26450      1.57487e+6 
          26550      1.55085e+6 
          26650      1.52586e+6 
          26750      1.49615e+6 
          26850      1.48059e+6 
          26950      1.46184e+6 
          27050      1.44045e+6 
          27150      1.41943e+6 
          27250      1.39878e+6 
          27350       1.3785e+6 
          27450      1.35688e+6 
          27550      1.32619e+6 
          27650      1.31258e+6 
          27750      1.30074e+6 
          27850      1.28248e+6 
          27950       1.2643e+6 
          28050      1.24644e+6 
          28150      1.22886e+6 
          28250      1.21163e+6 
          28350      1.19466e+6 
          28450      1.17803e+6 
          28550      1.16111e+6 
          28650      1.13883e+6 
          28750      1.11192e+6 
          28850      1.11138e+6 
          28950      1.09895e+6 
          29050      1.08398e+6 
          29150      1.06924e+6 
          29250      1.05472e+6 
          29350      1.04046e+6 
          29450      1.02646e+6 
          29550      1.01267e+6 
          29650          999118 
          29750          985772 
          29850          972668 
          29950          959798 
          30050          947122 
          30150          934633 
          30250          920723 
          30350          893888 
          30450          887661 
          30550          885695 
          30650          875274 
          30750          863972 
          30850          852838 
          30950          841910 
          31050          831142 
          31150          820532 
          31250          810120 
          31350          799864 
          31450          789755 
          31550          779799 
          31650          769990 
          31750          760364 
          31850          750881 
          31950          741540 
          32100          727824 
          32300          709992 
          32500          692685 
          32700          675852 
          32900          647195 
          33100          640465 
          33300          628989 
          33500          614182 
          33700          599750 
          33900          585744 
          34100          572121 
          34300          558936 
          34500          546081 
          34700          533610 
          34900          521510 
          35100          509713 
          35300          498270 
          35500          487172 
          35700          476349 
          35900          465824 
          36100          455589 
          36300          445635 
          36500          435958 
          36700          426521 
          36900          417371 
          37100          408095 
          37300          394875 
          37500          384754 
          37700          382988 
          37900          375022 
          38100          367204 
          38300          359604 
          38500          352190 
          38700          344962 
          38900          337914 
          39100          330770 
          39300          324363 
          39500          317852 
          39700          311478 
          39900          305288 
          40100          298829 
          40300          292321 
          40500          280552 
          40700          281736 
          40900          276488 
          41100          271128 
          41300          265813 
          41500          260720 
          41700          254607 
          41900          250830 
          42100          246263 
          42300          241624 
          42500          237061 
          42700          232697 
          42900          228219 
          43100          224159 
          43300          220043 
          43500          215994 
          43700          210530 
          43900          207560 
          44100          204481 
          44300          200815 
          44500          197207 
          44700          193787 
          44900          190345 
          45100          186994 
          45300          183712 
          45500          180490 
          45700          177345 
          45900          174268 
          46100          171233 
          46300          168072 
          46500          160311 
          46700          160028 
          46900          159204 
          47100          157136 
          47300          154492 
          47500          151899 
          47700          149362 
          47900          146877 
          48100          144444 
          48300          142060 
          48500          139725 
          48700          137437 
          48900          135195 
          49100          133001 
          49300          130848 
          49500          128741 
          49700          126674 
          49900          124649 
          50100          122665 
          50300          120719 
          50500          118812 
          50700          116942 
          50900          115107 
          51100          112913 
          51300          109457 
          51500          109561 
          51700          108123 
          51900          106462 
          52100          104831 
          52300          103231 
          52500          101661 
          52700          100122 
          52900         98611.3 
          53100         97128.3 
          53300           95674 
          53500         94246.7 
          53700         92844.5 
          53900         91469.4 
          54100         90118.5 
          54300           88794 
          54500         87492.9 
          54700         86214.6 
          54900         84960.3 
          55100           83729 
          55300         82518.5 
          55500         81331.6 
          55700         80165.7 
          55900         79020.5 
          56100         77894.2 
          56300         76789.1 
          56500         75703.6 
          56700           74636 
          56900         73587.7 
          57100           72530 
          57300         71546.1 
          57500         70552.3 
          57700         69575.2 
          57900         68614.4 
          58100           67671 
          58300         66742.8 
          58500         65848.2 
          58700         64950.9 
          58900         63755.7 
          59100         61537.8 
          59300         62106.8 
          59500         61302.8 
          59700         60594.7 
          59900         59878.7 
          60100         59082.5 
          60300         58298.5 
          60500         57528.7 
          60700         56770.8 
          60900         56024.9 
          61100         55291.3 
          61300         54570.3 
          61500         53860.4 
          61700         53161.3 
          61900         52474.2 
          62100         51798.7 
          62300         51132.9 
          62500         50478.2 
          62700         49777.2 
          62900         48919.5 
          63100         48485.7 
          63300         47961.7 
          63500         47358.5 
          63700         46763.4 
          63900         46177.6 
          64200         45315.7 
          64600         44198.4 
          65000           43115 
          65400         42064.2 
          65800         41045.2 
          66200         40057.4 
          66600         39098.6 
          67000         38167.5 
          67400         37220.4 
          67800         36144.2 
          68200         35536.8 
          68600         34711.5 
          69000         33908.9 
          69400         33129.5 
          69800         32372.8 
          70200         31637.4 
          70600         30922.4 
          71000         30227.5 
          71400         29551.9 
          71800         28894.7 
          72200           28256 
          72600         27634.6 
          73000         27030.7 
          73400         26442.5 
          73800         25870.3 
          74200         25276.7 
          74600         24158.1 
          75000         23577.6 
          75400         23647.5 
          75800         23230.8 
          76200         22744.2 
          76600         22270.4 
          77000         21808.3 
          77400         21357.7 
          77800         20918.9 
          78200         20491.7 
          78600         20075.8 
          79000         19669.5 
          79400         19273.4 
          79800         18887.9 
          80200         18511.3 
          80600         18144.2 
          81000         17785.7 
          81400           17430 
          81800         17095.5 
          82200         16763.4 
          82600         16439.1 
          83000         16122.4 
          83400         15813.3 
          83800         15511.4 
          84200         15216.6 
          84600         14928.9 
          85000         14648.4 
          85400         14373.6 
          85800         14105.8 
          86200         13843.9 
          86600         13555.6 
          87000         13330.2 
          87400         12968.7 
          87800         12733.1 
          88200         12622.2 
          88600         12394.3 
          89000         12171.8 
          89400         11953.8 
          89800         11740.5 
          90200         11532.4 
          90600         11328.5 
          91000           11129 
          91400         10934.4 
          91800         10743.7 
          92200         10557.2 
          92600         10374.3 
          93000           10196 
          93400         10020.7 
          93800         9803.15 
          94200         9665.31 
          94600          9518.5 
          95000         9357.93 
          95400         9200.99 
          95800         9047.14 
          96200         8896.34 
          96600         8748.93 
          97000         8604.46 
          97400         8462.84 
          97800         8324.04 
          98200         8188.41 
          98600         8055.45 
          99000         7925.13 
          99400         7797.03 
          99800         7671.87 
         100200         7549.22 
         200000         463.452 
         400000         28.0523 
         600000         5.42867 
         800000         1.69181 
         1.0e+6        0.684783 
         1.2e+6        0.327023 
         1.4e+6        0.175049 
         1.6e+6        0.101873 
